3000 0.19944201635837633 0.15099413101435832 0.28575298438444108
3001 0.20009079984911526 0.15159272242049804 0.28633301773098285
3002 0.20073911783249176 0.15219095543641714 0.28691263299093039
3003 0.20138697030850850 0.15278883006211519 0.28749183016428326
3004 0.20203435727716279 0.15338634629759262 0.28807060925104322
3005 0.20268127873845820 0.15398350414284989 0.28864897025120895
3006 0.20332773469239118 0.15458030359788566 0.28922691316478000
3007 0.20397372513896350 0.15517674466270082 0.28980443799175681
3008 0.20461925007817428 0.15577282733729536 0.29038154473214073
3009 0.20526430951002439 0.15636855162166885 0.29095823338592952
3010 0.20590890343451296 0.15696391751582217 0.29153450395312452
3011 0.20655303185164176 0.15755892501975399 0.29211035643372618
3012 0.20719669476140901 0.15815357413346520 0.29268579082773405
3013 0.20783989216381471 0.15874786485695580 0.29326080713514679
3014 0.20848262405885976 0.15934179719022534 0.29383540535596575
3015 0.20912489044654325 0.15993537113327427 0.29440958549019136
3016 0.20976669132686609 0.16052858668610215 0.29498334753782229
3017 0.21040802669982828 0.16112144384870941 0.29555669149885899
3018 0.21104889656542980 0.16171394262109606 0.29612961737330279
3019 0.21168930092366978 0.16230608300326166 0.29670212516115191
3020 0.21232923977454821 0.16289786499520664 0.29727421486240679
3021 0.21296871311806509 0.16348928859693102 0.29784588647706789
3022 0.21360772095422220 0.16408035380843478 0.29841714000513520
3023 0.21424626328301777 0.16467106062971748 0.29898797544660782
3024 0.21488434010445268 0.16526140906077957 0.29955839280148666
3025 0.21552195141852604 0.16585139910162061 0.30012839206977215
3026 0.21615909722523874 0.16644103075224148 0.30069797325146341
3027 0.21679577752458989 0.16703030401264085 0.30126713634655999
3028 0.21743199231658128 0.16761921888281961 0.30183588135506279
3029 0.21806774160121112 0.16820777536277731 0.30240420827697179
3030 0.21870302537847941 0.16879597345251485 0.30297211711228655
3031 0.21933784364838615 0.16938381315203088 0.30353960786100709
3032 0.21997219641093224 0.16997129446132675 0.30410668052313428
3033 0.22060608366611767 0.17055841738040156 0.30467333509866767
3034 0.22123950541394244 0.17114518190925532 0.30523957158760595
3035 0.22187246165440566 0.17173158804788891 0.30580538998995088
3036 0.22250495238750823 0.17231763579630099 0.30637079030570202
3037 0.22313697761324924 0.17290332515449292 0.30693577253485849
3038 0.22376853733162871 0.17348865612246467 0.30750033667742072
3039 0.22439963154264841 0.17407362870021448 0.30806448273339004
3040 0.22503026024630657 0.17465824288774412 0.30862821070276514
3041 0.22566042344260406 0.17524249868505271 0.30919152058554555
3042 0.22629012113153912 0.17582639609214112 0.30975441238173174
3043 0.22691935331311441 0.17640993510900804 0.31031688609132502
3044 0.22754811998732816 0.17699311573565435 0.31087894171432318
3045 0.22817642115418124 0.17757593797207960 0.31144057925072755
3046 0.22880425681367367 0.17815840181828424 0.31200179870053857
3047 0.22943162696580455 0.17874050727426827 0.31256260006375536
3048 0.23005853161057388 0.17932225434003124 0.31312298334037791
3049 0.23068497074798255 0.17990364301557360 0.31368294853040579
3050 0.23131094437802968 0.18048467330089535 0.31424249563384077
3051 0.23193645250071704 0.18106534519599604 0.31480162465068107
3052 0.23256149511604285 0.18164565870087612 0.31536033558092713
3053 0.23318607222400800 0.18222561381553515 0.31591862842458029
3054 0.23381018382461072 0.18280521053997445 0.31647650318163878
3055 0.23443382991785366 0.18338444887419181 0.31703395985210303
3056 0.23505701050373506 0.18396332881818900 0.31759099843597305
3057 0.23567972558225581 0.18454185037196469 0.31814761893325016
3058 0.23630197515341589 0.18512001353552066 0.31870382134393216
3059 0.23692375921721354 0.18569781830885557 0.31925960566802036
3060 0.23754507777365053 0.18627526469196898 0.31981497190551478
3061 0.23816593082272686 0.18685235268486222 0.32036992005641540
3062 0.23878631836444253 0.18742908228753441 0.32092445012072135
3063 0.23940624039879754 0.18800545349998554 0.32147856209843351
3064 0.24002569692579101 0.18858146632221651 0.32203225598955232
3065 0.24064468794542293 0.18915712075422642 0.32258553179407601
3066 0.24126321345769330 0.18973241679601527 0.32313838951200591
3067 0.24188127346260391 0.19030735444758351 0.32369082914334246
3068 0.24249886796015296 0.19088193370893114 0.32424285068808523
3069 0.24311599695034136 0.19145615458005771 0.32479445414623331
3070 0.24373266043316821 0.19203001706096456 0.32534563951778717
3071 0.24434885840863441 0.19260352115164947 0.32589640680274767
3072 0.24496459087673905 0.19317666685211377 0.32644675600111350
3073 0.24557985783748304 0.19374945416235745 0.32699668711288510
3074 0.24619465929086637 0.19432188308238052 0.32754620013806335
3075 0.24680899523688815 0.19489395361218298 0.32809529507664781
3076 0.24742286567554928 0.19546566575176438 0.32864397192863759
3077 0.24803627060684885 0.19603701950112473 0.32919223069403358
3078 0.24864921003078688 0.19660801486026447 0.32974007137283579
3079 0.24926168394736514 0.19717865182918359 0.33028749396504420
3080 0.24987369235658274 0.19774893040788166 0.33083449847065705
3081 0.25048523525843791 0.19831885059635912 0.33138108488967744
3082 0.25109631265293242 0.19888841239461552 0.33192725322210359
3083 0.25170692454006627 0.19945761580265131 0.33247300346793551
3084 0.25231707091983857 0.20002646082046649 0.33301833562717276
3085 0.25292675179225022 0.20059494744806061 0.33356324969981710
3086 0.25353596715730120 0.20116307568543412 0.33410774568586721
3087 0.25414471701499064 0.20173084553258747 0.33465182358532219
3088 0.25475300136531853 0.20229825698951975 0.33519548339818428
3089 0.25536082020828577 0.20286531005623054 0.33573872512445257
3090 0.25596817354389323 0.20343200473272116 0.33628154876412619
3091 0.25657506137213826 0.20399834101899117 0.33682395431720558
3092 0.25718148369302263 0.20456431891504012 0.33736594178369161
3093 0.25778744050654545 0.20512993842086802 0.33790751116358386
3094 0.25839293181270762 0.20569519953647530 0.33844866245688054
3095 0.25899795761150912 0.20626010226186198 0.33898939566358477
3096 0.25960251790294908 0.20682464659702759 0.33952971078369476
3097 0.26020661268702927 0.20738883254197216 0.34006960781721007
3098 0.26081024196374702 0.20795266009669655 0.34060908676413115
3099 0.26141340573310412 0.20851612926119989 0.34114814762445933
3100 0.26201610399509967 0.20907924003548217 0.34168679039819327
3101 0.26261833674973456 0.20964199241954429 0.34222501508533254
3102 0.26322010399700879 0.21020438641338490 0.34276282168587757
3103 0.26382140573692237 0.21076642201700579 0.34330021019982970
3104 0.26442224196947350 0.21132809923040563 0.34383718062718671
3105 0.26502261269466487 0.21188941805358397 0.34437373296794993
3106 0.26562251791249381 0.21245037848654214 0.34490986722211980
3107 0.26622195762296297 0.21301098052927969 0.34544558338969589
3108 0.26682093182607058 0.21357122418179619 0.34598088147067685
3109 0.26741944052181843 0.21413110944409164 0.34651576146506402
3110 0.26801748371020384 0.21469063631616647 0.34705022337285785
3111 0.26861506139122771 0.21524980479802025 0.34758426719405655
3112 0.26921217356489180 0.21580861488965342 0.34811789292866191
3113 0.26980882023119435 0.21636706659106597 0.34865110057667348
3114 0.27040500139013623 0.21692515990225747 0.34918389013809126
3115 0.27100071704171658 0.21748289482322836 0.34971626161291436
3116 0.27159596718593626 0.21804027135397863 0.35024821500114323
3117 0.27219075182279440 0.21859728949450785 0.35077975030277875
3118 0.27278507095229187 0.21915394924481646 0.35131086751781959
3119 0.27337892457442869 0.21971025060490490 0.35184156664626665
3120 0.27397231268920397 0.22026619357477184 0.35237184768812035
3121 0.27456523529661858 0.22082177815441772 0.35290171064337983
3122 0.27515769239667165 0.22137700434384344 0.35343115551204463
3123 0.27574968398936317 0.22193187214304855 0.35396018229411563
3124 0.27634121007469492 0.22248638155203215 0.35448879098959329
3125 0.27693227065266512 0.22304053257079559 0.35501698159847583
3126 0.27752286572327467 0.22359432519933753 0.35554475412076458
3127 0.27811299528652267 0.22414775943765930 0.35607210855645999
3128 0.27870265934240912 0.22470083528576001 0.35659904490556160
3129 0.27929185789093491 0.22525355274363967 0.35712556316806809
3130 0.27988059093210094 0.22580591181129916 0.35765166334398080
3131 0.28046885846590541 0.22635791248873760 0.35817734543330060
3132 0.28105666049234834 0.22690955477595498 0.35870260943602528
3133 0.28164399701142973 0.22746083867295175 0.35922745535215572
3134 0.28223086802315045 0.22801176417972790 0.35975188318169327
3135 0.28281727352750963 0.22856233129628389 0.36027589292463613
3136 0.28340321352450903 0.22911254002261838 0.36079948458098476
3137 0.28398868801414778 0.22966239035873182 0.36132265815073961
3138 0.28457369699642410 0.23021188230462508 0.36184541363390066
3139 0.28515824047133975 0.23076101586029685 0.36236775103046748
3140 0.28574231843889386 0.23130979102574889 0.36288967034043962
3141 0.28632593089908820 0.23185820780097943 0.36341117156381886
3142 0.28690907785192010 0.23240626618598936 0.36393225470060431
3143 0.28749175929739224 0.23295396618077824 0.36445291975079463
3144 0.28807397523550282 0.23350130778534650 0.36497316671439117
3145 0.28865572566625186 0.23404829099969415 0.36549299559139437
3146 0.28923701058964024 0.23459491582382075 0.36601240638180244
3147 0.28981783000566796 0.23514118225772673 0.36653139908561716
3148 0.29039818391433503 0.23568709030141166 0.36704997370283809
3149 0.29097807231564055 0.23623263995487598 0.36756813023346524
3150 0.29155749520958452 0.23677783121811968 0.36808586867749726
3151 0.29213645259616783 0.23732266409114233 0.36860318903493594
3152 0.29271494447538959 0.23786713857394526 0.36912009130578083
3153 0.29329297084725159 0.23841125466652624 0.36963657549003104
3154 0.29387053171175204 0.23895501236888705 0.37015264158768746
3155 0.29444762706889094 0.23949841168102637 0.37066828959875009
3156 0.29502425691866829 0.24004145260294596 0.37118351952321893
3157 0.29560042126108588 0.24058413513464405 0.37169833136109309
3158 0.29617612009614191 0.24112645927612153 0.37221272511237347
3159 0.29675135342383729 0.24166842502737795 0.37272670077706049
3160 0.29732612124417113 0.24221003238841377 0.37324025835515240
3161 0.29790042355714430 0.24275128135922897 0.37375339784665051
3162 0.29847426036275593 0.24329217193982311 0.37426611925155528
3163 0.29904763166100690 0.24383270413019620 0.37477842256986627
3164 0.29962053745189721 0.24437287793034912 0.37529030780158212
3165 0.30019297773542597 0.24491269334028098 0.37580177494670419
3166 0.30076495251159407 0.24545215035999179 0.37631282400523292
3167 0.30133646178040063 0.24599124898948244 0.37682345497716696
3168 0.30190750554184564 0.24652998922875247 0.37733366786250677
3169 0.30247808379593000 0.24706837107780100 0.37784346266125368
3170 0.30304819654265458 0.24760639453662936 0.37835283937340636
3171 0.30361784378201762 0.24814405960523622 0.37886179799896436
3172 0.30418702551401910 0.24868136628362336 0.37937033853792812
3173 0.30475574173865905 0.24921831457178900 0.37987846099029854
3174 0.30532399245593833 0.24975490446973403 0.38038616535607517
3175 0.30589177766585784 0.25029113597745800 0.38089345163525623
3176 0.30645909736841492 0.25082700909496136 0.38140031982784484
3177 0.30702595156361134 0.25136252382224367 0.38190676993383965
3178 0.30759234025144711 0.25189768015930536 0.38241280195323935
3179 0.30815826343192043 0.25243247810614644 0.38291841588604525
3180 0.30872372110503399 0.25296691766276647 0.38342361173225736
3181 0.30928871327078689 0.25350099882916588 0.38392838949187613
3182 0.30985323992917824 0.25403472160534468 0.38443274916489889
3183 0.31041730108020804 0.25456808599130243 0.38493669075132919
3184 0.31098089672387719 0.25510109198704001 0.38544021425116570
3185 0.31154402686018567 0.25563373959255653 0.38594331966440754
3186 0.31210669148913261 0.25616602880785200 0.38644600699105514
3187 0.31266889061071890 0.25669795963292641 0.38694827623110939
3188 0.31323062422494452 0.25722953206778110 0.38745012738456985
3189 0.31379189233180771 0.25776074611241429 0.38795156045143475
3190 0.31435269493131113 0.25829160176682686 0.38845257543170675
3191 0.31491303202345211 0.25882209903101838 0.38895317232538495
3192 0.31547290360823421 0.25935223790498885 0.38945335113246848
3193 0.31603230968565388 0.25988201838873914 0.38995311185295822
3194 0.31659125025571289 0.26041144048226839 0.39045245448685417
3195 0.31714972531841035 0.26094050418557657 0.39095137903415633
3196 0.31770773487374715 0.26146920949866459 0.39144988549486337
3197 0.31826527892172241 0.26199755642153155 0.39194797386897751
3198 0.31882235746233789 0.26252554495417746 0.39244564415649741
3199 0.31937897049559183 0.26305317509660275 0.39294289635742308
3200 0.31993511802148422 0.26358044684880788 0.39343973047175451
3201 0.32049080004001596 0.26410736021079195 0.39393614649949216
3202 0.32104601655118614 0.26463391518255497 0.39443214444063646
3203 0.32160076755499567 0.26516011176409693 0.39492772429518563
3204 0.32215505305144454 0.26568594995541872 0.39542288606314102
3205 0.32270887304053186 0.26621142975651990 0.39591762974450306
3206 0.32326222752225853 0.26673655116739958 0.39641195533927043
3207 0.32381511649662365 0.26726131418805865 0.39690586284744356
3208 0.32436753996362810 0.26778571881849711 0.39739935226902334
3209 0.32491949792327190 0.26830976505871496 0.39789242360400934
3210 0.32547099037555327 0.26883345290871130 0.39838507685240065
3211 0.32602201732047575 0.26935678236848748 0.39887731201419774
3212 0.32657257875803580 0.26987975343804260 0.39936912908940148
3213 0.32712267468823431 0.27040236611737711 0.39986052807801054
3214 0.32767230511107215 0.27092462040649057 0.40035150898002581
3215 0.32822147002655022 0.27144651630538341 0.40084207179544773
3216 0.32877016943466675 0.27196805381405564 0.40133221652427542
3217 0.32931840333542173 0.27248923293250771 0.40182194316650843
3218 0.32986617172881516 0.27301005366073827 0.40231125172214766
3219 0.33041347461484794 0.27353051599874778 0.40280014219119309
3220 0.33096031199352005 0.27405061994653712 0.40328861457364429
3221 0.33150668386483062 0.27457036550410585 0.40377666886950125
3222 0.33205259022878142 0.27508975267145308 0.40426430507876487
3223 0.33259803108536978 0.27560878144857970 0.40475152320143426
3224 0.33314300643459749 0.27612745183548570 0.40523832323750941
3225 0.33368751627646454 0.27664576383217065 0.40572470518699033
3226 0.33423156061097004 0.27716371743863499 0.40621066904987790
3227 0.33477513943811488 0.27768131265487872 0.40669621482617080
3228 0.33531825275789906 0.27819854948090139 0.40718134251586946
3229 0.33586090057032170 0.27871542791670301 0.40766605211897522
3230 0.33640308287538279 0.27923194796228445 0.40815034363548675
3231 0.33694479967308322 0.27974810961764485 0.40863421706540359
3232 0.33748605096342299 0.28026391288278418 0.40911767240872621
3233 0.33802683674640210 0.28077935775770380 0.40960070966545548
3234 0.33856715702201967 0.28129444424240191 0.41008332883559051
3235 0.33910701179027569 0.28180917233687941 0.41056552991913131
3236 0.33964640105117105 0.28232354204113586 0.41104731291607832
3237 0.34018532480470487 0.28283755335517213 0.41152867782643199
3238 0.34072378305087891 0.28335120627898691 0.41200962465019053
3239 0.34126177578969141 0.28386450081258108 0.41249015338735529
3240 0.34179930302114325 0.28437743695595463 0.41297026403792669
3241 0.34233636474523266 0.28489001470910713 0.41344995660190298
3242 0.34287296096196140 0.28540223407203902 0.41392923107928548
3243 0.34340909167133038 0.28591409504474985 0.41440808747007507
3244 0.34394475687333781 0.28642559762724007 0.41488652577426999
3245 0.34447995656798369 0.28693674181950968 0.41536454599187067
3246 0.34501469075526892 0.28744752762155823 0.41584214812287712
3247 0.34554895943519259 0.28795795503338617 0.41631933216729022
3248 0.34608276260775561 0.28846802405499350 0.41679609812510865
3249 0.34661610027295797 0.28897773468638022 0.41727244599633329
3250 0.34714897243079967 0.28948708692754588 0.41774837578096458
3251 0.34768137908127894 0.28999608077849093 0.41822388747900163
3252 0.34821332022439755 0.29050471623921492 0.41869898109044401
3253 0.34874479586015550 0.29101299330971875 0.41917365661529216
3254 0.34927580598855279 0.29152091199000107 0.41964791405354740
3255 0.34980635060958853 0.29202847228006279 0.42012175340520752
3256 0.35033642972326362 0.29253567417990389 0.42059517467027385
3257 0.35086604332957716 0.29304251768952394 0.42106817784874684
3258 0.35139519142852915 0.29354900280892293 0.42154076294062603
3259 0.35192387402012049 0.29405512953810176 0.42201292994591011
3260 0.35245209110435205 0.29456089787705952 0.42248467886460039
3261 0.35297984268122118 0.29506630782579624 0.42295600969669733
3262 0.35350712875073054 0.29557135938431278 0.42342692244219959
3263 0.35403394931287746 0.29607605255260827 0.42389741710110762
3264 0.35456030436766373 0.29658038733068270 0.42436749367342275
3265 0.35508619391508844 0.29708436371853653 0.42483715215914364
3266 0.35561161795515339 0.29758798171617018 0.42530639255826985
3267 0.35613657648785768 0.29809124132358278 0.42577521487080183
3268 0.35666106951319954 0.29859414254077432 0.42624361909674047
3269 0.35718509703118073 0.29909668536774481 0.42671160523608442
3270 0.35770865904180038 0.29959886980449557 0.42717917328883459
3271 0.35823175554506026 0.30010069585102483 0.42764632325499141
3272 0.35875438654095859 0.30060216350733304 0.42811305513455400
3273 0.35927655202949627 0.30110327277342108 0.42857936892752191
3274 0.35979825201067239 0.30160402364928762 0.42904526463389603
3275 0.36031948648448697 0.30210441613493400 0.42951074225367680
3276 0.36084025545094089 0.30260445023035887 0.42997580178686334
3277 0.36136055891003416 0.30310412593556357 0.43044044323345476
3278 0.36188039686176587 0.30360344325054722 0.43090466659345328
3279 0.36239976930613782 0.30410240217531026 0.43136847186685801
3280 0.36291867624314733 0.30460100270985224 0.43183185905366761
3281 0.36343711767279530 0.30509924485417361 0.43229482815388343
3282 0.36395509359508349 0.30559712860827526 0.43275737916750590
3283 0.36447260401001103 0.30609465397215496 0.43321951209453458
3284 0.36498964891757701 0.30659182094581405 0.43368122693496769
3285 0.36550622831778146 0.30708862952925209 0.43414252368880790
3286 0.36602234221062524 0.30758507972247040 0.43460340235605432
3287 0.36653799059610748 0.30808117152546721 0.43506386293670607
3288 0.36705317347422994 0.30857690493824297 0.43552390543076402
3289 0.36756789084498998 0.30907227996079811 0.43598352983822819
3290 0.36808214270839024 0.30956729659313265 0.43644273615909857
3291 0.36859592906442806 0.31006195483524612 0.43690152439337382
3292 0.36910924991310523 0.31055625468713899 0.43735989454105617
3293 0.36962210525442174 0.31105019614881124 0.43781784660214429
3294 0.37013449508837759 0.31154377922026244 0.43827538057663773
3295 0.37064641941497189 0.31203700390149258 0.43873249646453738
3296 0.37115787823420554 0.31252987019250256 0.43918919426584369
3297 0.37166887154607764 0.31302237809329148 0.43964547398055620
3298 0.37217939935058908 0.31351452760386023 0.44010133560867271
3299 0.37268946164773897 0.31400631872420748 0.44055677915019720
3300 0.37319905843752910 0.31449775145433412 0.44101180460512746
3301 0.37370818971995767 0.31498882579424015 0.44146641197346259
3302 0.37421685549502470 0.31547954174392556 0.44192060125520394
3303 0.37472505576273019 0.31596989930338992 0.44237437245035238
3304 0.37523279052307501 0.31645989847263323 0.44282772555890659
3305 0.37574005977606006 0.31694953925165592 0.44328066058086568
3306 0.37624686352168268 0.31743882164045800 0.44373317751623098
3307 0.37675320175994553 0.31792774563903903 0.44418527636500338
3308 0.37725907449084595 0.31841631124739944 0.44463695712718065
3309 0.37776448171438570 0.31890451846553880 0.44508821980276370
3310 0.37826942343056391 0.31939236729345755 0.44553906439175384
3311 0.37877389963938235 0.31987985773115568 0.44598949089414974
3312 0.37927791034083924 0.32036698977863276 0.44643949930995097
3313 0.37978145553493547 0.32085376343588923 0.44688908963915841
3314 0.38028453522167016 0.32134017870292553 0.44733826188177206
3315 0.38078714940104330 0.32182623557974077 0.44778701603779147
3316 0.38128929807305578 0.32231193406633452 0.44823535210721666
3317 0.38179098123770849 0.32279727416270809 0.44868327009004849
3318 0.38229219889499966 0.32328225586886106 0.44913076998628609
3319 0.38279295104492839 0.32376687918479297 0.44957785179592946
3320 0.38329323768749735 0.32425114411050382 0.45002451551897860
3321 0.38379305882270387 0.32473505064599406 0.45047076115543438
3322 0.38429241445055151 0.32521859879126369 0.45091658870529550
3323 0.38479130457103672 0.32570178854631227 0.45136199816856237
3324 0.38528972918416127 0.32618461991114023 0.45180698954523635
3325 0.38578768828992427 0.32666709288574713 0.45225156283531565
3326 0.38628518188832661 0.32714920747013343 0.45269571803880071
3327 0.38678220997936741 0.32763096366429911 0.45313945515569198
3328 0.38727877256304843 0.32811236146824374 0.45358277418598947
3329 0.38777486963936791 0.32859340088196776 0.45402567512969227
3330 0.38827050120832673 0.32907408190547072 0.45446815798680129
3331 0.38876566726992312 0.32955440453875395 0.45491022275731696
3332 0.38926036782415885 0.33003436878181569 0.45535186944123840
3333 0.38975460287103392 0.33051397463465637 0.45579309803856516
3334 0.39024837241054833 0.33099322209727644 0.45623390854929813
3335 0.39074167644270208 0.33147211116967634 0.45667430097343775
3336 0.39123451496749428 0.33195064185185474 0.45711427531098270
3337 0.39172688798492494 0.33242881414381253 0.45755383156193341
3338 0.39221879549499494 0.33290662804554971 0.45799296972629078
3339 0.39271023749770428 0.33338408355706584 0.45843168980405435
3340 0.39320121399305119 0.33386118067836090 0.45886999179522281
3341 0.39369172498103921 0.33433791940943580 0.45930787569979747
3342 0.39418177046166480 0.33481429975028965 0.45974534151777879
3343 0.39467135043492885 0.33529032170092243 0.46018238924916588
3344 0.39516046490083223 0.33576598526133461 0.46061901889395829
3345 0.39564911385937584 0.33624129043152617 0.46105523045215779
3346 0.39613729731055702 0.33671623721149668 0.46149102392376307
3347 0.39662501525437843 0.33719082560124747 0.46192639930877366
3348 0.39711226769083741 0.33766505560077675 0.46236135660719002
3349 0.39759905461993572 0.33813892721008498 0.46279589581901348
3350 0.39808537604167338 0.33861244042917260 0.46323001694424182
3351 0.39857123195605038 0.33908559525804005 0.46366371998287637
3352 0.39905662236306672 0.33955839169668600 0.46409700493491757
3353 0.39954154726272062 0.34003082974511134 0.46452987180036498
3354 0.40002600665501387 0.34050290940331562 0.46496232057921727
3355 0.40051000053994557 0.34097463067129929 0.46539435127147577
3356 0.40099352891751749 0.34144599354906235 0.46582596387714093
3357 0.40147659178772788 0.34191699803660436 0.46625715839621140
3358 0.40195918915057760 0.34238764413392575 0.46668793482868764
3359 0.40244132100606578 0.34285793184102653 0.46711829317457054
3360 0.40292298735419241 0.34332786115790626 0.46754823343385965
3361 0.40340418819495838 0.34379743208456537 0.46797775560655408
3362 0.40388492352836458 0.34426664462100343 0.46840685969265428
3363 0.40436519335440835 0.34473549876722132 0.46883554569216157
3364 0.40484499767309146 0.34520399452321815 0.46926381360507374
3365 0.40532433648441302 0.34567213188899393 0.46969166343139168
3366 0.40580320978837392 0.34613991086454909 0.47011909517111672
3367 0.40628161758497416 0.34660733144988409 0.47054610882424752
3368 0.40675955987421375 0.34707439364499759 0.47097270439078409
3369 0.40723703665609179 0.34754109744989048 0.47139888187072598
3370 0.40771404793060828 0.34800744286456231 0.47182464126407497
3371 0.40819059369776411 0.34847342988901353 0.47224998257082929
3372 0.40866667395755840 0.34893905852324414 0.47267490579098936
3373 0.40914228870999292 0.34940432876725369 0.47309941092455610
3374 0.40961743795506500 0.34986924062104263 0.47352349797152860
3375 0.41009212169277731 0.35033379408461052 0.47394716693190686
3376 0.41056633992312808 0.35079798915795779 0.47437041780569089
3377 0.41104009264611729 0.35126182584108445 0.47479325059288158
3378 0.41151337986174585 0.35172530413399006 0.47521566529347847
3379 0.41198620157001375 0.35218842403667594 0.47563766190747980
3380 0.41245855777092011 0.35265118554913988 0.47605924043488823
3381 0.41293044846446580 0.35311358867138365 0.47648040087570287
3382 0.41340187365064995 0.35357563340340592 0.47690114322992283
3383 0.41387283332947344 0.35403731974520847 0.47732146749754856
3384 0.41434332750093539 0.35449864769678952 0.47774137367858138
3385 0.41481335616503756 0.35495961725814995 0.47816086177301997
3386 0.41528291932177819 0.35542022842928933 0.47857993178086300
3387 0.41575201697115727 0.35588048121020810 0.47899858370211357
3388 0.41622064911317569 0.35634037560090626 0.47941681753677035
3389 0.41668881574783256 0.35679991160138336 0.47983463328483200
3390 0.41715651687512878 0.35725908921163985 0.48025203094629987
3391 0.41762375249506434 0.35771790843167528 0.48066901052117394
3392 0.41809052260763835 0.35817636926149010 0.48108557200945468
3393 0.41855682721285170 0.35863447170108431 0.48150171541113940
3394 0.41902266631070351 0.35909221575045747 0.48191744072623210
3395 0.41948803990119377 0.35954960140961001 0.48233274795473058
3396 0.41995294798432425 0.36000662867854238 0.48274763709663393
3397 0.42041739056009320 0.36046329755725326 0.48316210815194349
3398 0.42088136762850148 0.36091960804574352 0.48357616112066015
3399 0.42134487918954822 0.36137556014401273 0.48398979600278258
3400 0.42180792524323429 0.36183115385206222 0.48440301279830900
3401 0.42227050578955883 0.36228638916988976 0.48481581150724340
3402 0.42273262082852270 0.36274126609749668 0.48522819212958357
3403 0.42319427036012591 0.36319578463488300 0.48564015466532906
3404 0.42365545438436758 0.36364994478204871 0.48605169911448076
3405 0.42411617290124770 0.36410374653899336 0.48646282547703912
3406 0.42457642591076716 0.36455718990571695 0.48687353375300324
3407 0.42503621341292597 0.36501027488222038 0.48728382394237268
3408 0.42549553540772411 0.36546300146850275 0.48769369604514790
3409 0.42595439189516071 0.36591536966456406 0.48810315006133020
3410 0.42641278287523576 0.36636737947040476 0.48851218599091739
3411 0.42687070834795016 0.36681903088602485 0.48892080383391079
3412 0.42732816831330389 0.36727032391142478 0.48932900359031084
3413 0.42778516277129608 0.36772125854660320 0.48973678526011710
3414 0.42824169172192761 0.36817183479156101 0.49014414884332824
3415 0.42869775516519848 0.36862205264629777 0.49055109433994559
3416 0.42915335310110780 0.36907191211081480 0.49095762174996960
3417 0.42960848552965558 0.36952141318510989 0.49136373107339892
3418 0.43006315245084270 0.36997055586918437 0.49176942231023402
3419 0.43051735386466916 0.37041934016303824 0.49217469546047621
3420 0.43097108977113496 0.37086776606667105 0.49257955052412417
3421 0.43142436017023833 0.37131583358008324 0.49298398750117700
3422 0.43187716506198193 0.37176354270327483 0.49338800639163649
3423 0.43232950444636309 0.37221089343624536 0.49379160719550219
3424 0.43278137832338537 0.37265788577899528 0.49419478991277321
3425 0.43323278669304432 0.37310451973152459 0.49459755454345045
3426 0.43368372955534440 0.37355079529383284 0.49499990108753433
3427 0.43413420691028204 0.37399671246592048 0.49540182954502399
3428 0.43458421875785902 0.37444227124778795 0.49580333991591896
3429 0.43503376509807445 0.37488747163943392 0.49620443220022015
3430 0.43548284593092923 0.37533231364085884 0.49660510639792799
3431 0.43593146125642335 0.37577679725206314 0.49700536250904070
3432 0.43637961107455681 0.37622092247304773 0.49740520053355963
3433 0.43682729538532783 0.37666468930381036 0.49780462047148566
3434 0.43727451418873819 0.37710809774435239 0.49820362232281701
3435 0.43772126748478790 0.37755114779467380 0.49860220608755412
3436 0.43816755527347695 0.37799383945477416 0.49900037176569700
3437 0.43861337755480534 0.37843617272465391 0.49939811935724654
3438 0.43905873432877129 0.37887814760431304 0.49979544886220140
3439 0.43950362559537659 0.37931976409375112 0.50019236028056246
3440 0.43994805135462123 0.37976102219296859 0.50058885361232974
3441 0.44039201160650521 0.38020192190196500 0.50098492885750323
3442 0.44083550635102675 0.38064246322074080 0.50138058601608204
3443 0.44127853558818853 0.38108264614929599 0.50177582508806706
3444 0.44172109931798875 0.38152247068763101 0.50217064607345829
3445 0.44216319754042832 0.38196193683574453 0.50256504897225485
3446 0.44260483025550634 0.38240104459363700 0.50295903378445761
3447 0.44304599746322371 0.38283979396130929 0.50335260051006703
3448 0.44348669916357952 0.38327818493876098 0.50374574914908266
3449 0.44392693535657557 0.38371621752599117 0.50413847970150316
3450 0.44436670604220918 0.38415389172300074 0.50453079216732988
3451 0.44480601122048213 0.38459120752978970 0.50492268654656325
3452 0.44524485089139443 0.38502816494635761 0.50531416283920194
3453 0.44568322505494606 0.38546476397270490 0.50570522104524640
3454 0.44612113371113615 0.38590100460883159 0.50609586116469751
3455 0.44655857685996470 0.38633688685473722 0.50648608319755484
3456 0.44699555450143258 0.38677241071042223 0.50687588714381748
3457 0.44743206663553980 0.38720757617588619 0.50726527300348589
3458 0.44786811326228548 0.38764238325112954 0.50765424077656096
3459 0.44830369438167050 0.38807683193615228 0.50804279046304135
3460 0.44873880999369486 0.38851092223095396 0.50843092206292795
3461 0.44917346009835679 0.38894465413553547 0.50881863557622120
3462 0.44960764469565895 0.38937802764989593 0.50920593100292022
3463 0.45004136378559956 0.38981104277403533 0.50959280834302456
3464 0.45047461736817951 0.39024369950795412 0.50997926759653511
3465 0.45090740544339791 0.39067599785165275 0.51036530876345187
3466 0.45133972801125566 0.39110793780512987 0.51075093184377440
3467 0.45177158507175186 0.39153951936838594 0.51113613683750270
3468 0.45220297662488740 0.39197074254142139 0.51152092374463765
3469 0.45263390267066139 0.39240160732423623 0.51190529256517880
3470 0.45306436320907562 0.39283211371683047 0.51228924329912484
3471 0.45349435824012829 0.39326226171920364 0.51267277594647709
3472 0.45392388776382031 0.39369205133135576 0.51305589050723599
3473 0.45435295178014989 0.39412148255328772 0.51343858698140021
3474 0.45478155028911882 0.39455055538499861 0.51382086536897065
3475 0.45520968329072797 0.39497926982648845 0.51420272566994729
3476 0.45563735078497469 0.39540762587775768 0.51458416788433015
3477 0.45606455277186164 0.39583562353880719 0.51496519201211832
3478 0.45649128925138704 0.39626326280963475 0.51534579805331227
3479 0.45691756022355090 0.39669054369024170 0.51572598600791331
3480 0.45734336568835321 0.39711746618062804 0.51610575587592011
3481 0.45776870564579575 0.39754403028079421 0.51648510765733135
3482 0.45819358009587674 0.39797023599073889 0.51686404135215014
3483 0.45861798903859707 0.39839608331046250 0.51724255696037469
3484 0.45904193247395586 0.39882157223996550 0.51762065448200500
3485 0.45946541040195399 0.39924670277924790 0.51799833391704064
3486 0.45988842282259057 0.39967147492830968 0.51837559526548338
3487 0.46031096973586738 0.40009588868715040 0.51875243852733233
3488 0.46073305114178265 0.40051994405577007 0.51912886370258526
3489 0.46115466704033636 0.40094364103416913 0.51950487079124574
3490 0.46157581743152853 0.40136697962234757 0.51988045979331243
3491 0.46199650231536005 0.40178995982030541 0.52025563070878444
3492 0.46241672169183090 0.40221258162804219 0.52063038353766222
3493 0.46283647556094110 0.40263484504555880 0.52100471827994665
3494 0.46325576392268975 0.40305675007285435 0.52137863493563730
3495 0.46367458677707685 0.40347829670992885 0.52175213350473237
3496 0.46409294412410329 0.40389948495678230 0.52212521398723499
3497 0.46451083596376908 0.40432031481341602 0.52249787638314338
3498 0.46492826229607420 0.40474078627982824 0.52287012069245709
3499 0.46534522312101689 0.40516089935601940 0.52324194691517656
3500 0.46576171843859981 0.40558065404198995 0.52361335505130313
3501 0.46617774824882119 0.40600005033773989 0.52398434510083547
3502 0.46659331255168190 0.40641908824326878 0.52435491706377313
3503 0.46700841134718019 0.40683776775857705 0.52472507094011656
3504 0.46742304463531958 0.40725608888366471 0.52509480672986708
3505 0.46783721241609744 0.40767405161853132 0.52546412443302248
3506 0.46825091468951285 0.40809165596317731 0.52583302404958410
3507 0.46866415145556850 0.40850890191760225 0.52620150557955236
3508 0.46907692271426171 0.40892578948180658 0.52656956902292684
3509 0.46948922846559604 0.40934231865579118 0.52693721437970620
3510 0.46990106870956794 0.40975848943955384 0.52730444164989176
3511 0.47031244344617917 0.41017430183309589 0.52767125083348398
3512 0.47072335267542886 0.41058975583641732 0.52803764193048153
3513 0.47113379639731789 0.41100485144951815 0.52840361494088484
3514 0.47154377461184538 0.41141958867239792 0.52876916986469480
3515 0.47195328731901309 0.41183396750505707 0.52913430670191097
3516 0.47236233451881837 0.41224798794749518 0.52949902545253247
3517 0.47277091621126388 0.41266164999971222 0.52986332611655973
3518 0.47317903239634784 0.41307495366170865 0.53022720869399409
3519 0.47358668307407026 0.41348789893348448 0.53059067318483333
3520 0.47399386824443202 0.41390048581503969 0.53095371958907833
3521 0.47440058790743311 0.41431271430637384 0.53131634790673044
3522 0.47480684206307355 0.41472458440748738 0.53167855813778875
3523 0.47521263071135156 0.41513609611837987 0.53204035028225194
3524 0.47561795385226890 0.41554724943905175 0.53240172434012090
3525 0.47602281148582559 0.41595804436950301 0.53276268031139695
3526 0.47642720361202162 0.41636848090973411 0.53312321819607833
3527 0.47683113023085610 0.41677855905974326 0.53348333799416547
3528 0.47723459134232993 0.41718827881953224 0.53384303970565927
3529 0.47763758694644221 0.41759764018910017 0.53420232333055928
3530 0.47804011704319294 0.41800664316844793 0.53456118886886417
3531 0.47844218163258301 0.41841528775757464 0.53491963632057526
3532 0.47884378071461331 0.41882357395648029 0.53527766568569302
3533 0.47924491428928118 0.41923150176516488 0.53563527696421609
3534 0.47964558235658927 0.41963907118362886 0.53599247015614493
3535 0.48004578491653493 0.42004628221187224 0.53634924526148087
3536 0.48044552196911994 0.42045313484989499 0.53670560228022257
3537 0.48084479351434428 0.42085962909769670 0.53706154121236960
3538 0.48124359955220797 0.42126576495527734 0.53741706205792239
3539 0.48164194008271011 0.42167154242263782 0.53777216481688228
3540 0.48203981510585159 0.42207696149977725 0.53812684948924705
3541 0.48243722462163152 0.42248202218669562 0.53848111607501803
3542 0.48283416863004991 0.42288672448339426 0.53883496457419566
3543 0.48323064713110853 0.42329106838987141 0.53918839498677906
3544 0.48362666012480471 0.42369505390612749 0.53954140731276823
3545 0.48402220761114201 0.42409868103216297 0.53989400155216272
3546 0.48441728959011598 0.42450194976797873 0.54024617770496430
3547 0.48481190606173019 0.42490486011357254 0.54059793577117121
3548 0.48520605702598285 0.42530741206894573 0.54094927575078389
3549 0.48559974248287485 0.42570960563409788 0.54130019764380366
3550 0.48599296243240531 0.42611144080902941 0.54165070145022920
3551 0.48638571687457510 0.42651291759374033 0.54200078717005962
3552 0.48677800580938424 0.42691403598823063 0.54235045480329624
3553 0.48716982923683094 0.42731479599249989 0.54269970434993997
3554 0.48756118715691787 0.42771519760654808 0.54304853580998858
3555 0.48795207956964415 0.42811524083037567 0.54339694918344295
3556 0.48834250647500888 0.42851492566398264 0.54374494447030441
3557 0.48873246787301206 0.42891425210736900 0.54409252167057165
3558 0.48912196376365458 0.42931322016053519 0.54443968078424421
3559 0.48951099414693555 0.42971182982347944 0.54478642181132297
3560 0.48989955902285676 0.43011008109620352 0.54513274475180795
3561 0.49028765839141553 0.43050797397870655 0.54547864960569870
3562 0.49067529225261453 0.43090550847098941 0.54582413637299521
3563 0.49106246060645198 0.43130268457305077 0.54616920505369837
3564 0.49144916345292788 0.43169950228489151 0.54651385564780774
3565 0.49183540079204224 0.43209596160651120 0.54685808815532200
3566 0.49222117262379772 0.43249206253791073 0.54720190257624246
3567 0.49260647894818987 0.43288780507908875 0.54754529891056958
3568 0.49299131976522315 0.43328318923004661 0.54788827715830202
3569 0.49337569507489398 0.43367821499078296 0.54823083731944022
3570 0.49375960487720327 0.43407288236129915 0.54857297939398553
3571 0.49414304917215279 0.43446719134159428 0.54891470338193660
3572 0.49452602795974077 0.43486114193166880 0.54925600928329299
3573 0.49490854123996808 0.43525473413152227 0.54959689709805515
3574 0.49529058901283385 0.43564796794115601 0.54993736682622396
3575 0.49567217127833896 0.43604084336056825 0.55027741846779854
3576 0.49605328803648252 0.43643336038975944 0.55061705202277844
3577 0.49643393928726542 0.43682551902873001 0.55095626749116544
3578 0.49681412503068767 0.43721731927748042 0.55129506487295865
3579 0.49719384526674837 0.43760876113600933 0.55163344416815674
3580 0.49757309999544841 0.43799984460431762 0.55197140537676104
3581 0.49795188921678690 0.43839056968240531 0.55230894849877155
3582 0.49833021293076385 0.43878093637027193 0.55264607353418871
3583 0.49870807113738103 0.43917094466791751 0.55298278048300986
3584 0.49908546383663666 0.43956059457534247 0.55331906934523856
3585 0.49946239102853163 0.43994988609254682 0.55365494012087346
3586 0.49983885271306505 0.44033881921953055 0.55399039280991369
3587 0.50021484889023693 0.44072739395629323 0.55432542741235968
3588 0.50059037956004815 0.44111561030283530 0.55466004392821233
3589 0.50096544472249960 0.44150346825915632 0.55499424235747119
3590 0.50134004437758950 0.44189096782525672 0.55532802270013448
3591 0.50171417852531697 0.44227810900113695 0.55566138495620487
3592 0.50208784716568466 0.44266489178679613 0.55599432912568192
3593 0.50246105029869081 0.44305131618223381 0.55632685520856384
3594 0.50283378792433631 0.44343738218745132 0.55665896320485153
3595 0.50320606004262025 0.44382308980244867 0.55699065311454632
3596 0.50357786665354443 0.44420843902722407 0.55732192493764687
3597 0.50394920775710617 0.44459342986177930 0.55765277867415186
3598 0.50432008335330636 0.44497806230611348 0.55798321432406439
3599 0.50469049344214678 0.44536233636022660 0.55831323188738313
3600 0.50506043802362655 0.44574625202411911 0.55864283136410675
3601 0.50542991709774476 0.44612980929779100 0.55897201275423658
3602 0.50579893066450143 0.44651300818124229 0.55930077605777306
3603 0.50616747872389745 0.44689584867447252 0.55962912127471531
3604 0.50653556127593191 0.44727833077748169 0.55995704840506333
3605 0.50690317832060572 0.44766045449027070 0.56028455744881667
3606 0.50727032985791887 0.44804221981283865 0.56061164840597710
3607 0.50763701588787136 0.44842362674518643 0.56093832127654286
3608 0.50800323641046141 0.44880467528731272 0.56126457606051439
3609 0.50836899142569170 0.44918536543921839 0.56159041275789301
3610 0.50873428093355955 0.44956569720090300 0.56191583136867740
3611 0.50909910493406763 0.44994567057236790 0.56224083189286667
3612 0.50946346342721416 0.45032528555361129 0.56256541433046214
3613 0.50982735641300092 0.45070454214463362 0.56288957868146472
3614 0.51019078389142525 0.45108344034543535 0.56321332494587217
3615 0.51055374586248803 0.45146198015601602 0.56353665312368539
3616 0.51091624232619015 0.45184016157637652 0.56385956321490571
3617 0.51127827328253250 0.45221798460651552 0.56418205521953180
3618 0.51163983873151331 0.45259544924643436 0.56450412913756365
3619 0.51200093867313257 0.45297255549613213 0.56482578496900082
3620 0.51236157310739028 0.45334930335560886 0.56514702271384509
3621 0.51272174203428733 0.45372569282486497 0.56546784237209424
3622 0.51308144545382373 0.45410172390390047 0.56578824394374960
3623 0.51344068336599946 0.45447739659271624 0.56610822742881162
3624 0.51379945577081454 0.45485271089131007 0.56642779282727984
3625 0.51415776266826718 0.45522766679968285 0.56674694013915339
3626 0.51451560405835917 0.45560226431783546 0.56706566936443226
3627 0.51487297994109049 0.45597650344576746 0.56738398050311867
3628 0.51522989031646116 0.45635038418347840 0.56770187355520951
3629 0.51558633518446939 0.45672390653096828 0.56801934852070701
3630 0.51594231454511785 0.45709707048823756 0.56833640539961072
3631 0.51629782839840477 0.45746987605528622 0.56865304419192109
3632 0.51665287674433102 0.45784232323211382 0.56896926489763588
3633 0.51700745958289573 0.45821441201872037 0.56928506751675734
3634 0.51736157691409979 0.45858614241510676 0.56960045204928500
3635 0.51771522873794318 0.45895751442127208 0.56991541849521798
3636 0.51806841505442502 0.45932852803721635 0.57022996685455718
3637 0.51842113586354532 0.45969918326294001 0.57054409712730303
3638 0.51877339116530496 0.46006948009844306 0.57085780931345509
3639 0.51912518095970306 0.46043941854372594 0.57117110341301203
3640 0.51947650524674138 0.46080899859878732 0.57148397942597473
3641 0.51982736402641905 0.46117822026362809 0.57179643735234453
3642 0.52017775729873428 0.46154708353824780 0.57210847719211966
3643 0.52052768506368885 0.46191558842264779 0.57242009894530055
3644 0.52087714732128187 0.46228373491682584 0.57273130261188854
3645 0.52122614407151513 0.46265152302078372 0.57304208819188185
3646 0.52157467531438595 0.46301895273452010 0.57335245568528093
3647 0.52192274104989700 0.46338602405803631 0.57366240509208577
3648 0.52227034127804650 0.46375273699133146 0.57397193641229727
3649 0.52261747599883446 0.46411909153440556 0.57428104964591409
3650 0.52296414521226176 0.46448508768725949 0.57458974479293712
3651 0.52331034891832839 0.46485072544989192 0.57489802185336680
3652 0.52365608711703437 0.46521600482230419 0.57520588082720225
3653 0.52400135980837792 0.46558092580449539 0.57551332171444303
3654 0.52434616699236081 0.46594548839646599 0.57582034451508957
3655 0.52469050866898304 0.46630969259821553 0.57612694922914320
3656 0.52503438483824372 0.46667353840974535 0.57643313585660172
3657 0.52537779550014463 0.46703702583105322 0.57673890439746645
3658 0.52572074065468399 0.46740015486214093 0.57704425485173783
3659 0.52606322030186181 0.46776292550300758 0.57734918721941542
3660 0.52640523444167897 0.46812533775365406 0.57765370150049788
3661 0.52674678307413458 0.46848739161407904 0.57795779769498656
3662 0.52708786619923043 0.46884908708428341 0.57826147580288190
3663 0.52742848381696383 0.46921042416426673 0.57856473582418255
3664 0.52776863592733747 0.46957140285402943 0.57886757775888897
3665 0.52810832253034867 0.46993202315357108 0.57917000160700249
3666 0.52844754362599922 0.47029228506289256 0.57947200736852178
3667 0.52878629921428910 0.47065218858199254 0.57977359504344639
3668 0.52912458929521833 0.47101173371087235 0.58007476463177676
3669 0.52946241386878601 0.47137092044953111 0.58037551613351379
3670 0.52979977293499303 0.47172974879796925 0.58067584954865659
3671 0.53013666649383850 0.47208821875618634 0.58097576487720470
3672 0.53047309454532243 0.47244633032418371 0.58127526211915992
3673 0.53080905708944570 0.47280408350195913 0.58157434127452134
3674 0.53114455412620920 0.47316147828951394 0.58187300234328765
3675 0.53147958565561115 0.47351851468684814 0.58217124532545972
3676 0.53181415167765156 0.47387519269396217 0.58246907022103889
3677 0.53214825219233042 0.47423151231085470 0.58276647703002338
3678 0.53248188719964862 0.47458747353752662 0.58306346575241363
3679 0.53281505669960616 0.47494307637397748 0.58336003638821055
3680 0.53314776069220304 0.47529832082020773 0.58365618893741367
3681 0.53347999917743838 0.47565320687621693 0.58395192340002167
3682 0.53381177215531217 0.47600773454200596 0.58424723977603588
3683 0.53414307962582530 0.47636190381757348 0.58454213806545718
3684 0.53447392158897777 0.47671571470292085 0.58483661826828381
3685 0.53480429804476870 0.47706916719804715 0.58513068038451532
3686 0.53513420899319986 0.47742226130295240 0.58542432441415437
3687 0.53546365443426858 0.47777499701763748 0.58571755035719919
3688 0.53579263436797664 0.47812737434210195 0.58601035821364933
3689 0.53612114879432315 0.47847939327634537 0.58630274798350523
3690 0.53644919771330901 0.47883105382036772 0.58659471966676824
3691 0.53677678112493421 0.47918235597416903 0.58688627326343701
3692 0.53710389902919875 0.47953329973775105 0.58717740877351021
3693 0.53743055142610174 0.47988388511111113 0.58746812619699096
3694 0.53775673831564319 0.48023411209425015 0.58775842553387792
3695 0.53808245969782398 0.48058398068716857 0.58804830678416975
3696 0.53840771557264411 0.48093349088986637 0.58833776994786779
3697 0.53873250594010269 0.48128264270234355 0.58862681502497249
3698 0.53905683080020061 0.48163143612459969 0.58891544201548296
3699 0.53938069015293699 0.48197987115663476 0.58920365091939830
3700 0.53970408399831271 0.48232794779844967 0.58949144173672074
3701 0.54002701233632688 0.48267566605004353 0.58977881446744940
3702 0.54034947516698129 0.48302302591141633 0.59006576911158337
3703 0.54067147249027414 0.48337002738256851 0.59035230566912311
3704 0.54099300430620545 0.48371667046350098 0.59063842414006951
3705 0.54131407061477610 0.48406295515421149 0.59092412452442211
3706 0.54163467141598520 0.48440888145470140 0.59120940682218004
3707 0.54195480670983365 0.48475444936497070 0.59149427103334373
3708 0.54227447649632143 0.48509965888501982 0.59177871715791408
3709 0.54259368077544767 0.48544451001484745 0.59206274519588975
3710 0.54291241954721325 0.48578900275445402 0.59234635514727163
3711 0.54323069281161729 0.48613313710384043 0.59262954701206016
3712 0.54354850056865978 0.48647691306300533 0.59291232079025447
3713 0.54386584281834249 0.48682033063195007 0.59319467648185409
3714 0.54418271956066366 0.48716338981067375 0.59347661408685948
3715 0.54449913079562418 0.48750609059917638 0.59375813360527196
3716 0.54481507652322314 0.48784843299745884 0.59403923503708933
3717 0.54513055674346145 0.48819041700551979 0.59431991838231291
3718 0.54544557145633821 0.48853204262336059 0.59460018364094358
3719 0.54576012066185431 0.48887330985098032 0.59488003081297958
3720 0.54607420436000975 0.48921421868837944 0.59515945989842134
3721 0.54638782255080365 0.48955476913555840 0.59543847089726842
3722 0.54670097523423689 0.48989496119251585 0.59571706380952305
3723 0.54701366241030769 0.49023479485925270 0.59599523863518211
3724 0.54732588407901872 0.49057427013576849 0.59627299537424783
3725 0.54763764024036909 0.49091338702206411 0.59655033402671975
3726 0.54794893089435881 0.49125214551813867 0.59682725459259789
3727 0.54825975604098609 0.49159054562399218 0.59710375707188135
3728 0.54857011568025271 0.49192858733962508 0.59737984146457057
3729 0.54888000981215779 0.49226627066503692 0.59765550777066689
3730 0.54918943843670309 0.49260359560022815 0.59793075599016809
3731 0.54949840155388596 0.49294056214519832 0.59820558612307551
3732 0.54980689916370906 0.49327717029994833 0.59847999816938957
3733 0.55011493126617061 0.49361342006447684 0.59875399212910940
3734 0.55042249786127062 0.49394931143878518 0.59902756800223456
3735 0.55072959894900997 0.49428484442287246 0.59930072578876592
3736 0.55103623452938955 0.49462001901673913 0.59957346548870394
3737 0.55134240460240669 0.49495483522038564 0.59984578710204683
3738 0.55164810916806317 0.49528929303381064 0.60011769062879594
3739 0.55195334822635811 0.49562339245701459 0.60038917606895215
3740 0.55225812177729239 0.49595713348999793 0.60066024342251412
3741 0.55256242982086512 0.49629051613276154 0.60093089268948097
3742 0.55286627235707808 0.49662354038530321 0.60120112386985403
3743 0.55316964938592950 0.49695620624762427 0.60147093696363418
3744 0.55347256090741936 0.49728851371972471 0.60174033197081878
3745 0.55377500692154857 0.49762046280160410 0.60200930889141002
3746 0.55407698742831624 0.49795205349326288 0.60227786772540792
3747 0.55437850242772413 0.49828328579470105 0.60254600847281159
3748 0.55467955191976959 0.49861415970591816 0.60281373113362058
3749 0.55498013590445527 0.49894467522691421 0.60308103570783533
3750 0.55528025438177941 0.49927483235769010 0.60334792219545719
3751 0.55557990735174201 0.49960463109824493 0.60361439059648392
3752 0.55587909481434306 0.49993407144857871 0.60388044091091686
3753 0.55617781676958522 0.50026315340869276 0.60414607313875646
3754 0.55647607321746495 0.50059187697858532 0.60441128728000226
3755 0.55677386415798402 0.50092024215825726 0.60467608333465295
3756 0.55707118959114155 0.50124824894770814 0.60494046130270984
3757 0.55736804951693752 0.50157589734693886 0.60520442118417339
3758 0.55766444393537284 0.50190318735594852 0.60546796297904226
3759 0.55796037284644839 0.50223011897473713 0.60573108668731690
3760 0.55825583625016240 0.50255669220330468 0.60599379230899819
3761 0.55855083414651485 0.50288290704165162 0.60625607984408614
3762 0.55884536653550576 0.50320876348977794 0.60651794929257852
3763 0.55913943341713601 0.50353426154768366 0.60677940065447711
3764 0.55943303479140649 0.50385940121536832 0.60704043392978280
3765 0.55972617065831454 0.50418418249283192 0.60730104911849336
3766 0.56001884101786281 0.50450860538007536 0.60756124622061014
3767 0.56031104587004865 0.50483266987709774 0.60782102523613313
3768 0.56060278521487383 0.50515637598389906 0.60808038616506277
3769 0.56089405905233747 0.50547972370048067 0.60833932900739729
3770 0.56118486738244133 0.50580271302684077 0.60859785376313758
3771 0.56147521020518454 0.50612534396297981 0.60885596043228496
3772 0.56176508752056531 0.50644761650889825 0.60911364901483767
3773 0.56205449932858542 0.50676953066459696 0.60937091951079614
3774 0.56234344562924399 0.50709108643007372 0.60962777192016127
3775 0.56263192642254189 0.50741228380532988 0.60988420624293260
3776 0.56291994170848003 0.50773312279036542 0.61014022247910882
3777 0.56320749148705662 0.50805360338517991 0.61039582062869124
3778 0.56349457575827078 0.50837372558977334 0.61065100069168077
3779 0.56378119452212516 0.50869348940414660 0.61090576266807473
3780 0.56406734777861711 0.50901289482829881 0.61116010655787534
3781 0.56435303552775018 0.50933194186222996 0.61141403236108216
3782 0.56463825776952081 0.50965063050594095 0.61166754007769564
3783 0.56492301450393079 0.50996896075943088 0.61192062970771355
3784 0.56520730573097921 0.51028693262269975 0.61217330125113811
3785 0.56549113145066698 0.51060454609574801 0.61242555470796889
3786 0.56577449166299321 0.51092180117857655 0.61267739007820632
3787 0.56605738636795966 0.51123869787118315 0.61292880736184729
3788 0.56633981556556545 0.51155523617356913 0.61317980655889670
3789 0.56662177925580881 0.51187141608573450 0.61343038766935143
3790 0.56690327743869062 0.51218723760767970 0.61368055069321148
3791 0.56718431011421178 0.51250270073940296 0.61393029563047774
3792 0.56746487728237227 0.51281780548090605 0.61417962248115066
3793 0.56774497894317211 0.51313255183218809 0.61442853124522978
3794 0.56802461509661129 0.51344693979324951 0.61467702192271290
3795 0.56830378574268892 0.51376096936408988 0.61492509451360355
3796 0.56858249088140500 0.51407464054470964 0.61517274901790042
3797 0.56886073051275954 0.51438795333510878 0.61541998543560261
3798 0.56913850463675519 0.51470090773528687 0.61566680376671057
3799 0.56941581325338753 0.51501350374524391 0.61591320401122518
3800 0.56969265636266098 0.51532574136498077 0.61615918616914600
3801 0.56996903396457199 0.51563762059449658 0.61640475024047126
3802 0.57024494605912146 0.51594914143379222 0.61664989622520405
3803 0.57052039264631027 0.51626030388286681 0.61689462412334262
3804 0.57079537372613931 0.51657110794172034 0.61713893393488650
3805 0.57106988929860680 0.51688155361035282 0.61738282565983660
3806 0.57134393936371275 0.51719164088876557 0.61762629929819290
3807 0.57161752392145715 0.51750136977695682 0.61786935484995587
3808 0.57189064297184089 0.51781074027492702 0.61811199231512370
3809 0.57216329651486397 0.51811975238267660 0.61835421169369731
3810 0.57243548455052640 0.51842840610020557 0.61859601298567801
3811 0.57270720707882727 0.51873670142751349 0.61883739619106359
3812 0.57297846409976749 0.51904463836460080 0.61907836130985539
3813 0.57324925561334616 0.51935221691146749 0.61931890834205383
3814 0.57351958161956329 0.51965943706811313 0.61955903728765849
3815 0.57378944211842065 0.51996629883453771 0.61979874814666802
3816 0.57405883710991645 0.52027280221074212 0.62003804091908377
3817 0.57432776659405160 0.52057894719672548 0.62027691560490616
3818 0.57459623057082521 0.52088473379248867 0.62051537220413389
3819 0.57486422904023726 0.52119016199803037 0.62075341071676737
3820 0.57513176200228866 0.52149523181335145 0.62099103114280796
3821 0.57539882945697940 0.52179994323845191 0.62122823348225431
3822 0.57566543140430948 0.52210429627333221 0.62146501773510554
3823 0.57593156784427801 0.52240829091799057 0.62170138390136342
3824 0.57619723877688500 0.52271192717242876 0.62193733198102752
3825 0.57646244420213133 0.52301520503664589 0.62217286197409694
3826 0.57672718412001611 0.52331812451064197 0.62240797388057256
3827 0.57699145853054112 0.52362068559441743 0.62264266770045484
3828 0.57725526743370548 0.52392288828797229 0.62287694343374289
3829 0.57751861082950740 0.52422473259130653 0.62311080108043626
3830 0.57778148871794777 0.52452621850441972 0.62334424064053584
3831 0.57804390109902837 0.52482734602731185 0.62357726211404207
3832 0.57830584797274742 0.52512811515998381 0.62380986550095319
3833 0.57856732933910582 0.52542852590243472 0.62404205080127051
3834 0.57882834519810356 0.52572857825466546 0.62427381801499493
3835 0.57908889554973886 0.52602827221667470 0.62450516714212512
3836 0.57934898039401439 0.52632760778846333 0.62473609818266018
3837 0.57960859973092749 0.52662658497003090 0.62496661113660146
3838 0.57986775356048081 0.52692520376137875 0.62519670600394939
3839 0.58012644188267348 0.52722346416250510 0.62542638278470264
3840 0.58038466469750460 0.52752136617341039 0.62565564147886166
3841 0.58064242200497418 0.52781890979409507 0.62588448208642777
3842 0.58089971380508221 0.52811609502455914 0.62611290460739966
3843 0.58115654009783047 0.52841292186480215 0.62634090904177686
3844 0.58141290088321718 0.52870939031482456 0.62656849538956028
3845 0.58166879616124412 0.52900550037462590 0.62679566365074990
3846 0.58192422593190773 0.52930125204420664 0.62702241382534529
3847 0.58217919019521158 0.52959664532356676 0.62724874591334601
3848 0.58243368895115388 0.52989168021270583 0.62747465991475426
3849 0.58268772219973641 0.53018635671162428 0.62770015582956784
3850 0.58294128994095651 0.53048067482032168 0.62792523365778674
3851 0.58319439217481683 0.53077463453879936 0.62814989339941185
3852 0.58344702890131472 0.53106823586705554 0.62837413505444362
3853 0.58369920012045196 0.53136147880509066 0.62859795862288070
3854 0.58395090583222853 0.53165436335290517 0.62882136410472356
3855 0.58420214603664444 0.53194688951049995 0.62904435149997351
3856 0.58445292073369881 0.53223905727787280 0.62926692080862923
3857 0.58470322992339163 0.53253086665502503 0.62948907203068982
3858 0.58495307360572379 0.53282231764195620 0.62971080516615663
3859 0.58520245178069530 0.53311341023866676 0.62993212021503053
3860 0.58545136444830526 0.53340414444515671 0.63015301717730932
3861 0.58569981160855455 0.53369452026142561 0.63037349605299386
3862 0.58594779326144319 0.53398453768747389 0.63059355684208551
3863 0.58619530940697029 0.53427419672330156 0.63081319954458337
3864 0.58644236004513584 0.53456349736890818 0.63103242416048611
3865 0.58668894517594072 0.53485243962429418 0.63125123068979461
3866 0.58693506479938584 0.53514102348945913 0.63146961913251021
3867 0.58718071891546852 0.53542924896440436 0.63168758948863069
3868 0.58742590752419055 0.53571711604912808 0.63190514175815737
3869 0.58767063062555192 0.53600462474363075 0.63212227594109116
3870 0.58791488821955085 0.53629177504791281 0.63233899203743027
3871 0.58815868030619001 0.53657856696197470 0.63255529004717514
3872 0.58840200688546851 0.53686500048581509 0.63277116997032579
3873 0.58864486795738546 0.53715107561943487 0.63298663180688308
3874 0.58888726352194087 0.53743679236283359 0.63320167555684570
3875 0.58912919357913562 0.53772215071601170 0.63341630122021408
3876 0.58937065812896883 0.53800715067896920 0.63363050879698957
3877 0.58961165717144137 0.53829179225170565 0.63384429828717082
3878 0.58985219070655326 0.53857607543422148 0.63405766969075739
3879 0.59009225873430449 0.53886000022651670 0.63427062300774972
3880 0.59033186125469417 0.53914356662859086 0.63448315823814916
3881 0.59057099826772230 0.53942677464044442 0.63469527538195347
3882 0.59080966977338889 0.53970962426207691 0.63490697443916355
3883 0.59104787577169660 0.53999211549348969 0.63511825540978117
3884 0.59128561626264187 0.54027424833468052 0.63532911829380412
3885 0.59152289124622648 0.54055602278565118 0.63553956309123238
3886 0.59175970072244954 0.54083743884640034 0.63574958980206686
3887 0.59199604469131195 0.54111849651693023 0.63595919842630799
3888 0.59223192315281281 0.54139919579723816 0.63616838896395489
3889 0.59246733610695301 0.54167953668732549 0.63637716141500666
3890 0.59270228355373344 0.54195951918719176 0.63658551577946554
3891 0.59293676549315144 0.54223914329683742 0.63679345205733062
3892 0.59317078192520789 0.54251840901626203 0.63700097024860103
3893 0.59340433284990368 0.54279731634546646 0.63720807035327720
3894 0.59363741826723881 0.54307586528444940 0.63741475237136003
3895 0.59387003817721329 0.54335405583321261 0.63762101630284906
3896 0.59410219257982710 0.54363188799175433 0.63782686214774209
3897 0.59433388147507848 0.54390936176007498 0.63803228990604310
3898 0.59456510486296921 0.54418647713817547 0.63823729957775033
3899 0.59479586274349838 0.54446323412605535 0.63844189116286243
3900 0.59502615511666779 0.54473963272371373 0.63864606466138030
3901 0.59525598198247565 0.54501567293115150 0.63884982007330526
3902 0.59548534334092285 0.54529135474836865 0.63905315739863600
3903 0.59571423919200850 0.54556667817536519 0.63925607663737116
3904 0.59594266953573349 0.54584164321214068 0.63945857778951387
3905 0.59617063437209694 0.54611624985869556 0.63966066085506279
3906 0.59639813370109973 0.54639049811502938 0.63986232583401659
3907 0.59662516752274186 0.54666438798114259 0.64006357272637660
3908 0.59685173583702245 0.54693791945703563 0.64026440153214326
3909 0.59707783864394148 0.54721109254270717 0.64046481225131613
3910 0.59730347594349986 0.54748390723815810 0.64066480488389388
3911 0.59752864773569669 0.54775636354338797 0.64086437942987784
3912 0.59775335402053376 0.54802846145839768 0.64106353588926845
3913 0.59797759479801016 0.54830020098318633 0.64126227426206439
3914 0.59820137006812413 0.54857158211775392 0.64146059454826609
3915 0.59842467983087744 0.54884260486210090 0.64165849674787445
3916 0.59864752408626920 0.54911326921622727 0.64185598086088946
3917 0.59886990283430119 0.54938357518013259 0.64205304688730891
3918 0.59909181607497164 0.54965352275381729 0.64224969482713457
3919 0.59931326380828143 0.54992311193728094 0.64244592468036732
3920 0.59953424603422878 0.55019234273052442 0.64264173644700495
3921 0.59975476275281547 0.55046121513354684 0.64283713012704835
3922 0.59997481396404151 0.55072972914634821 0.64303210572049885
3923 0.60019439966790777 0.55099788476892897 0.64322666322735556
3924 0.60041351986441160 0.55126568200128911 0.64342080264761714
3925 0.60063217455355478 0.55153312084342820 0.64361452398128449
3926 0.60085036373533640 0.55180020129534668 0.64380782722835894
3927 0.60106808740975737 0.55206692335704410 0.64400071238883871
3928 0.60128534557681679 0.55233328702852136 0.64419317946272425
3929 0.60150213823651644 0.55259929230977756 0.64438522845001645
3930 0.60171846538885454 0.55286493920081270 0.64457685935071485
3931 0.60193432703383110 0.55313022770162723 0.64476807216481813
3932 0.60214972317144699 0.55339515781222115 0.64495886689232762
3933 0.60236465380170134 0.55365972953259401 0.64514924353324377
3934 0.60257911892459592 0.55392394286274627 0.64533920208756523
3935 0.60279311854012807 0.55418779780267746 0.64552874255529291
3936 0.60300665264830045 0.55445129435238849 0.64571786493642680
3937 0.60321972124911039 0.55471443251187802 0.64590656923096734
3938 0.60343232434255967 0.55497721228114694 0.64609485543891232
3939 0.60364446192864829 0.55523963366019524 0.64628272356026395
3940 0.60385613400737626 0.55550169664902338 0.64647017359502179
3941 0.60406734057874356 0.55576340124763002 0.64665720554318495
3942 0.60427808164274843 0.55602474745601560 0.64684381940475433
3943 0.60448835719939265 0.55628573527418057 0.64703001517973036
3944 0.60469816724867531 0.55654636470212537 0.64721579286811259
3945 0.60490751179059732 0.55680663573984912 0.64740115246989971
3946 0.60511639082515956 0.55706654838735181 0.64758609398509304
3947 0.60532480435236025 0.55732610264463389 0.64777061741369302
3948 0.60553275237219939 0.55758529851169536 0.64795472275569788
3949 0.60574023488467699 0.55784413598853577 0.64813841001110939
3950 0.60594725188979393 0.55810261507515513 0.64832167917992711
3951 0.60615380338755109 0.55836073577155432 0.64850453026215105
3952 0.60635988937794583 0.55861849807773245 0.64868696325778030
3953 0.60656550986098079 0.55887590199368997 0.64886897816681532
3954 0.60677066483665332 0.55913294751942644 0.64905057498925700
3955 0.60697535430496519 0.55938963465494229 0.64923175372510400
3956 0.60717957826591551 0.55964596340023753 0.64941251437435721
3957 0.60738333671950606 0.55990193375531172 0.64959285693701663
3958 0.60758662966573596 0.56015754572016485 0.64977278141308270
3959 0.60778945710460341 0.56041279929479781 0.64995228780255365
3960 0.60799181903610933 0.56066769447920972 0.65013137610543037
3961 0.60819371546025547 0.56092223127340102 0.65031004632171419
3962 0.60839514637704006 0.56117640967737126 0.65048829845140288
3963 0.60859611178646400 0.56143022969112089 0.65066613249449778
3964 0.60879661168852728 0.56168369131464990 0.65084354845099979
3965 0.60899664608322901 0.56193679454795786 0.65102054632090711
3966 0.60919621497056919 0.56218953939104477 0.65119712610422020
3967 0.60939531835054872 0.56244192584391106 0.65137328780093906
3968 0.60959395622316759 0.56269395390655674 0.65154903141106457
3969 0.60979212858842491 0.56294562357898226 0.65172435693459541
3970 0.60998983544632157 0.56319693486118627 0.65189926437153201
3971 0.61018707679685669 0.56344788775316923 0.65207375372187526
3972 0.61038385264003114 0.56369848225493158 0.65224782498562517
3973 0.61058016297584405 0.56394871836647376 0.65242147816277951
3974 0.61077600780429719 0.56419859608779488 0.65259471325334051
3975 0.61097138712538879 0.56444811541889495 0.65276753025730772
3976 0.61116630093911883 0.56469727635977440 0.65293992917468024
3977 0.61136074924548822 0.56494607891043325 0.65311191000545898
3978 0.61155473204449606 0.56519452307087104 0.65328347274964438
3979 0.61174824933614325 0.56544260884108821 0.65345461740723598
3980 0.61194130112042977 0.56569033622108433 0.65362534397823246
3981 0.61213388739735564 0.56593770521086029 0.65379565246263471
3982 0.61232600816691907 0.56618471581041474 0.65396554286044406
3983 0.61251766342912184 0.56643136801974858 0.65413501517165962
3984 0.61270885318396395 0.56667766183886181 0.65430406939627916
3985 0.61289957743144541 0.56692359726775443 0.65447270553430625
3986 0.61308983617156532 0.56716917430642599 0.65464092358573955
3987 0.61327962940432457 0.56741439295487694 0.65480872355057818
3988 0.61346895712972227 0.56765925321310684 0.65497610542882256
3989 0.61365781934775843 0.56790375508111657 0.65514306922047361
3990 0.61384621605843392 0.56814789855890480 0.65530961492553086
3991 0.61403414726174965 0.56839168364647241 0.65547574254399210
3992 0.61422161295770383 0.56863511034381942 0.65564145207586133
3993 0.61440861314629647 0.56887817865094581 0.65580674352113677
3994 0.61459514782752755 0.56912088856785115 0.65597161687981664
3995 0.61478121700139798 0.56936324009453587 0.65613607215190317
3996 0.61496682066790775 0.56960523323099954 0.65630010933739635
3997 0.61515195882705687 0.56984686797724304 0.65646372843629530
3998 0.61533663147884443 0.57008814433326505 0.65662692944859868
3999 0.61552083862327134 0.57032906229906644 0.65678971237430961
4000 0.61570458026033581 0.57056962187464721 0.65695207721342674
4001 0.61588785639004051 0.57080982306000738 0.65711402396594876
4002 0.61607066701238455 0.57104966585514649 0.65727555263187698
4003 0.61625301212736616 0.57128915026006455 0.65743666321121186
4004 0.61643489173498800 0.57152827627476199 0.65759735570395250
4005 0.61661630583524829 0.57176704389923927 0.65775763011009802
4006 0.61679725442814703 0.57200545313349549 0.65791748642965064
4007 0.61697773751368512 0.57224350397753065 0.65807692466260947
4008 0.61715775509186344 0.57248119643134476 0.65823594480897363
4009 0.61733730716268020 0.57271853049493870 0.65839454686874355
4010 0.61751639372613454 0.57295550616831159 0.65855273084192056
4011 0.61769501478222821 0.57319212345146386 0.65871049672850335
4012 0.61787317033096123 0.57342838234439508 0.65886784452849101
4013 0.61805086037233359 0.57366428284710613 0.65902477424188488
4014 0.61822808490634440 0.57389982495959568 0.65918128586868585
4015 0.61840484393299544 0.57413500868186462 0.65933737940889170
4016 0.61858113745228405 0.57436983401391295 0.65949305486250331
4017 0.61875696546421199 0.57460430095574067 0.65964831222952203
4018 0.61893232796877840 0.57483840950734733 0.65980315150994695
4019 0.61910722496598414 0.57507215966873293 0.65995757270377675
4020 0.61928165645582922 0.57530555143989792 0.66011157581101232
4021 0.61945562243831365 0.57553858482084275 0.66026516083165498
4022 0.61962912291343564 0.57577125981156607 0.66041832776570297
4023 0.61980215788119697 0.57600357641206879 0.66057107661315628
4024 0.61997472734159764 0.57623553462235089 0.66072340737401714
4025 0.62014683129463766 0.57646713444241238 0.66087532004828375
4026 0.62031846974031701 0.57669837587225281 0.66102681463595525
4027 0.62048964267863393 0.57692925891187219 0.66117789113703296
4028 0.62066035010959020 0.57715978356127096 0.66132854955151732
4029 0.62083059203318580 0.57738994982044956 0.66147878987940700
4030 0.62100036844941986 0.57761975768940665 0.66162861212070245
4031 0.62116967935829415 0.57784920716814314 0.66177801627540500
4032 0.62133852475980689 0.57807829825665857 0.66192700234351332
4033 0.62150690465395808 0.57830703095495339 0.66207557032502695
4034 0.62167481904074773 0.57853540526302805 0.66222372021994635
4035 0.62184226792017672 0.57876342118088164 0.66237145202827286
4036 0.62200925129224593 0.57899107870851418 0.66251876575000423
4037 0.62217576915695272 0.57921837784592567 0.66266566138514138
4038 0.62234182151429973 0.57944531859311743 0.66281213893368607
4039 0.62250740836428431 0.57967190095008725 0.66295819839563608
4040 0.62267252970690823 0.57989812491683690 0.66310383977099141
4041 0.62283718554217149 0.58012399049336549 0.66324906305975295
4042 0.62300137587007409 0.58034949767967392 0.66339386826192115
4043 0.62316510069061515 0.58057464647576085 0.66353825537749422
4044 0.62332836000379555 0.58079943688162716 0.66368222440647395
4045 0.62349115380961351 0.58102386889727287 0.66382577534886034
4046 0.62365348210807170 0.58124794252269796 0.66396890820465204
4047 0.62381534489916834 0.58147165775790199 0.66411162297384907
4048 0.62397674218290433 0.58169501460288497 0.66425391965645231
4049 0.62413767395927966 0.58191801305764734 0.66439579825246264
4050 0.62429814022829344 0.58214065312218954 0.66453725876187741
4051 0.62445814098994568 0.58236293479651025 0.66467830118469928
4052 0.62461767624423725 0.58258485808061033 0.66481892552092736
4053 0.62477674599116817 0.58280642297448981 0.66495913177056076
4054 0.62493535023073754 0.58302762947814868 0.66509891993360037
4055 0.62509348896294714 0.58324847759158649 0.66523829001004531
4056 0.62525116218779431 0.58346896731480324 0.66537724199989734
4057 0.62540836990528081 0.58368909864779939 0.66551577590315381
4058 0.62556511211540577 0.58390887159057536 0.66565389171981737
4059 0.62572138881817096 0.58412828614312984 0.66579158944988714
4060 0.62587720001357461 0.58434734230546370 0.66592886909336313
4061 0.62603254570161671 0.58456604007757695 0.66606573065024444
4062 0.62618742588229814 0.58478437945946959 0.66620217412053107
4063 0.62634184055561803 0.58500236045114118 0.66633819950422479
4064 0.62649578972157727 0.58521998305259171 0.66647380680132384
4065 0.62664927338017584 0.58543724726382163 0.66660899601182821
4066 0.62680229153141376 0.58565415308483137 0.66674376713574057
4067 0.62695484417529013 0.58587070051561962 0.66687812017305825
4068 0.62710693131180495 0.58608688955618726 0.66701205512378126
4069 0.62725855294095823 0.58630272020653385 0.66714557198790958
4070 0.62740970906275262 0.58651819246666070 0.66727867076544589
4071 0.62756039967718369 0.58673330633656562 0.66741135145638664
4072 0.62771062478425588 0.58694806181625037 0.66754361406073270
4073 0.62786038438396563 0.58716245890571406 0.66767545857848676
4074 0.62800967847631384 0.58737649760495714 0.66780688500964613
4075 0.62815850706130139 0.58759017791397961 0.66793789335421083
4076 0.62830687013892916 0.58780349983278057 0.66806848361218174
4077 0.62845476770919539 0.58801646336136137 0.66819865578355975
4078 0.62860219977210008 0.58822906849972156 0.66832840986834219
4079 0.62874916632764410 0.58844131524786070 0.66845774586653084
4080 0.62889566737582658 0.58865320360577877 0.66858666377812570
4081 0.62904170291664752 0.58886473357347624 0.66871516360312766
4082 0.62918727295010868 0.58907590515095354 0.66884324534153405
4083 0.62933237747620918 0.58928671833820934 0.66897090899334666
4084 0.62947701649494725 0.58949717313524452 0.66909815455856636
4085 0.62962119000632466 0.58970726954205865 0.66922498203719138
4086 0.62976489801034141 0.58991700755865262 0.66935139142922084
4087 0.62990814050699750 0.59012638718502552 0.66947738273465829
4088 0.63005091749629116 0.59033540842117738 0.66960295595350194
4089 0.63019322897822594 0.59054407126710862 0.66972811108575003
4090 0.63033507495279739 0.59075237572281969 0.66985284813140522
4091 0.63047645542000907 0.59096032178830926 0.66997716709046573
4092 0.63061737037985921 0.59116790946357822 0.67010106796293334
4093 0.63075781983234869 0.59137513874862613 0.67022455074880449
4094 0.63089780377747751 0.59158200964345387 0.67034761544808452
4095 0.63103732221524478 0.59178852214806055 0.67047026206076898
4096 0.63117637514565050 0.59199467626244617 0.67059249058685966
4097 0.63131496256869557 0.59220047198661119 0.67071430102635565
4098 0.63145308448437909 0.59240590932055515 0.67083569337925875
4099 0.63159074089270284 0.59261098826427938 0.67095666764556805
4100 0.63172793179366593 0.59281570881778167 0.67107722382528179
4101 0.63186465718726659 0.59302007098106380 0.67119736191840262
4102 0.63200091707350659 0.59322407475412486 0.67131708192492967
4103 0.63213671145238504 0.59342772013696532 0.67143638384486204
4104 0.63227204032390372 0.59363100712958516 0.67155526767819973
4105 0.63240690368805996 0.59383393573198351 0.67167373342494541
4106 0.63254130154485644 0.59403650594416169 0.67179178108509552
4107 0.63267523389429137 0.59423871776611925 0.67190941065865184
4108 0.63280870073636475 0.59444057119785576 0.67202662214561437
4109 0.63294170207107747 0.59464206623937121 0.67214341554598311
4110 0.63307423789842954 0.59484320289066606 0.67225979085975718
4111 0.63320630821842094 0.59504398115174073 0.67237574808693745
4112 0.63333791303104991 0.59524440102259391 0.67249128722752394
4113 0.63346905233631823 0.59544446250322647 0.67260640828151663
4114 0.63359972613422588 0.59564416559363798 0.67272111124891554
4115 0.63372993442477199 0.59584351029382931 0.67283539612971888
4116 0.63385967720795833 0.59604249660379960 0.67294926292392931
4117 0.63398895448378312 0.59624112452354883 0.67306271163154596
4118 0.63411776625224636 0.59643939405307744 0.67317574225256793
4119 0.63424611251334895 0.59663730519238589 0.67328835478699611
4120 0.63437399326708999 0.59683485794147284 0.67340054923483050
4121 0.63450140851347037 0.59703205230033918 0.67351232559607110
4122 0.63462835825249009 0.59722888826898446 0.67362368387071703
4123 0.63475484248414826 0.59742536584740957 0.67373462405876916
4124 0.63488086120844578 0.59762148503561363 0.67384514616022750
4125 0.63500641442538175 0.59781724583359663 0.67395525017509206
4126 0.63513150213495617 0.59801264824135902 0.67406493610336193
4127 0.63525612433717082 0.59820769225890125 0.67417420394503802
4128 0.63538028103202482 0.59840237788622197 0.67428305370012032
4129 0.63550397221951638 0.59859670512332208 0.67439148536860793
4130 0.63562719789964728 0.59879067397020114 0.67449949895050176
4131 0.63574995807241752 0.59898428442686003 0.67460709444580180
4132 0.63587225273782622 0.59917753649329786 0.67471427185450805
4133 0.63599408189587425 0.59937043016951463 0.67482103117662051
4134 0.63611544554656252 0.59956296545551080 0.67492737241213829
4135 0.63623634368988746 0.59975514235128680 0.67503329556106229
4136 0.63635677632585264 0.59994696085684129 0.67513880062339249
4137 0.63647674345445626 0.60013842097217474 0.67524388759912801
4138 0.63659624507569923 0.60032952269728801 0.67534855648826975
4139 0.63671528118958065 0.60052026603218067 0.67545280729081769
4140 0.63683385179610230 0.60071065097685183 0.67555664000677185
4141 0.63695195689526152 0.60090067753130283 0.67566005463613132
4142 0.63706959648706007 0.60109034569553232 0.67576305117889701
4143 0.63718677057149709 0.60127965546954210 0.67586562963506891
4144 0.63730347914857433 0.60146860685333037 0.67596779000464702
4145 0.63741972221829091 0.60165719984689803 0.67606953228763045
4146 0.63753549978064505 0.60184543445024463 0.67617085648402009
4147 0.63765081183563765 0.60203331066337107 0.67627176259381594
4148 0.63776565838327048 0.60222082848627645 0.67637225061701800
4149 0.63788003942354088 0.60240798791896077 0.67647232055362538
4150 0.63799395495645239 0.60259478896142449 0.67657197240363898
4151 0.63810740498200236 0.60278123161366759 0.67667120616705878
4152 0.63822038950018989 0.60296731587568964 0.67677002184388391
4153 0.63833290851101676 0.60315304174749107 0.67686841943411613
4154 0.63844496201448298 0.60333840922907145 0.67696639893775368
4155 0.63855655001058853 0.60352341832043166 0.67706396035479743
4156 0.63866767249933254 0.60370806902157081 0.67716110368524651
4157 0.63877832948071678 0.60389236133248891 0.67725782892910269
4158 0.63888852095473858 0.60407629525318640 0.67735413608636330
4159 0.63899824692139884 0.60425987078366328 0.67745002515703101
4160 0.63910750738069932 0.60444308792391910 0.67754549614110493
4161 0.63921630233263826 0.60462594667395431 0.67764054903858417
4162 0.63932463177721743 0.60480844703376846 0.67773518384946962
4163 0.63943249571443417 0.60499058900336200 0.67782940057376129
4164 0.63953989414428936 0.60517237258273537 0.67792319921145916
4165 0.63964682706678389 0.60535379777188725 0.67801657976256235
4166 0.63975329448191776 0.60553486457081807 0.67810954222707087
4167 0.63985929638969097 0.60571557297952872 0.67820208660498649
4168 0.63996483279010352 0.60589592299801875 0.67829421289630831
4169 0.64006990368315364 0.60607591462628729 0.67838592110103546
4170 0.64017450906884310 0.60625554786433566 0.67847721121916882
4171 0.64027864894717190 0.60643482271216298 0.67856808325070839
4172 0.64038232331814005 0.60661373916976968 0.67865853719565328
4173 0.64048553218174575 0.60679229723715533 0.67874857305400438
4174 0.64058827553799258 0.60697049691432037 0.67883819082576169
4175 0.64069055338687697 0.60714833820126435 0.67892739051092521
4176 0.64079236572839982 0.60732582109798816 0.67901617210949405
4177 0.64089371256256200 0.60750294560449092 0.67910453562146911
4178 0.64099459388936442 0.60767971172077262 0.67919248104685037
4179 0.64109500970880529 0.60785611944683371 0.67928000838563785
4180 0.64119496002088372 0.60803216878267419 0.67936711763783064
4181 0.64129444482560238 0.60820785972829361 0.67945380880342965
4182 0.64139346412295950 0.60838319228369242 0.67954008188243487
4183 0.64149201791295507 0.60855816644887062 0.67962593687484540
4184 0.64159010619559087 0.60873278222382776 0.67971137378066304
4185 0.64168772897086601 0.60890703960856429 0.67979639259988600
4186 0.64178488623877872 0.60908093860307977 0.67988099333251517
4187 0.64188157799933077 0.60925447920737463 0.67996517597854966
4188 0.64197780425252127 0.60942766142144889 0.68004894053799037
4189 0.64207356499835200 0.60960048524530253 0.68013228701083728
4190 0.64216886023682029 0.60977295067893467 0.68021521539709040
4191 0.64226368996792882 0.60994505772234620 0.68029772569674973
4192 0.64235805419167580 0.61011680637553756 0.68037981790981439
4193 0.64245195290806123 0.61028819663850786 0.68046149203628525
4194 0.64254538611708600 0.61045922851125711 0.68054274807616233
4195 0.64263835381875101 0.61062990199378575 0.68062358602944473
4196 0.64273085601305358 0.61080021708609378 0.68070400589613334
4197 0.64282289269999549 0.61097017378818075 0.68078400767622815
4198 0.64291446387957585 0.61113977210004711 0.68086359136972918
4199 0.64300556955179555 0.61130901202169241 0.68094275697663642
4200 0.64309620971665460 0.61147789355311755 0.68102150449694898
4201 0.64318638437415210 0.61164641669432163 0.68109983393066775
4202 0.64327609352428805 0.61181458144530465 0.68117774527779185
4203 0.64336533716706423 0.61198238780606706 0.68125523853832304
4204 0.64345411530247887 0.61214983577660886 0.68133231371225955
4205 0.64354242793053196 0.61231692535692961 0.68140897079960228
4206 0.64363027505122528 0.61248365654702930 0.68148520980035032
4207 0.64371765666455616 0.61265002934690882 0.68156103071450547
4208 0.64380457277052727 0.61281604375656773 0.68163643354206593
4209 0.64389102336913684 0.61298169977600514 0.68171141828303261
4210 0.64397700846038486 0.61314699740522194 0.68178598493740461
4211 0.64406252804427222 0.61331193664421813 0.68186013350518371
4212 0.64414758212079803 0.61347651749299370 0.68193386398636813
4213 0.64423217068996319 0.61364073995154822 0.68200717638095876
4214 0.64431629375176858 0.61380460401988213 0.68208007068895471
4215 0.64439995130621064 0.61396810969799498 0.68215254691035776
4216 0.64448314335329293 0.61413125698588766 0.68222460504516613
4217 0.64456586989301456 0.61429404588355885 0.68229624509337983
4218 0.64464813092537465 0.61445647639100942 0.68236746705500062
4219 0.64472992645037319 0.61461854850823938 0.68243827093002674
4220 0.64481125646801196 0.61478026223524873 0.68250865671845906
4221 0.64489212097828830 0.61494161757203702 0.68257862442029760
4222 0.64497251998120397 0.61510261451860471 0.68264817403554234
4223 0.64505245347675988 0.61526325307495133 0.68271730556419241
4224 0.64513192146495335 0.61542353324107779 0.68278601900624869
4225 0.64521092394578705 0.61558345501698275 0.68285431436171029
4226 0.64528946091925832 0.61574301840266710 0.68292219163057899
4227 0.64536753238536892 0.61590222339813083 0.68298965081285301
4228 0.64544513834411887 0.61606107000337351 0.68305669190853324
4229 0.64552227879550728 0.61621955821839602 0.68312331491761968
4230 0.64559895373953502 0.61637768804319748 0.68318951984011234
4231 0.64567516317620210 0.61653545947777788 0.68325530667600942
4232 0.64575090710550764 0.61669287252213767 0.68332067542531361
4233 0.64582618552745163 0.61684992717627685 0.68338562608802400
4234 0.64590099844203586 0.61700662344019497 0.68345015866413972
4235 0.64597534584925764 0.61716296131389248 0.68351427315366253
4236 0.64604922774911877 0.61731894079736893 0.68357796955659067
4237 0.64612264414162013 0.61747456189062522 0.68364124787292413
4238 0.64619559502675905 0.61762982459366000 0.68370410810266469
4239 0.64626808040453732 0.61778472890647418 0.68376655024581057
4240 0.64634010027495492 0.61793927482906774 0.68382857430236177
4241 0.64641165463801098 0.61809346236144069 0.68389018027232007
4242 0.64648274349370727 0.61824729150359259 0.68395136815568458
4243 0.64655336684204112 0.61840076225552387 0.68401213795245441
4244 0.64662352468301432 0.61855387461723410 0.68407248966263046
4245 0.64669321701662685 0.61870662858872416 0.68413242328621182
4246 0.64676244384287784 0.61885902416999317 0.68419193882319940
4247 0.64683120516176729 0.61901106136104111 0.68425103627359318
4248 0.64689950097329696 0.61916274016186801 0.68430971563739318
4249 0.64696733127746509 0.61931406057247518 0.68436797691459939
4250 0.64703469607427166 0.61946502259286085 0.68442582010521091
4251 0.64710159536371847 0.61961562622302546 0.68448324520922865
4252 0.64716802914580285 0.61976587146296946 0.68454025222665260
4253 0.64723399742052656 0.61991575831269330 0.68459684115748187
4254 0.64729950018788962 0.62006528677219608 0.68465301200171735
4255 0.64736453744789113 0.62021445684147780 0.68470876475935905
4256 0.64742910920053198 0.62036326852053847 0.68476409943040695
4257 0.64749321544581218 0.62051172180937941 0.68481901601486106
4258 0.64755685618373082 0.62065981670799886 0.68487351451272049
4259 0.64762003141428881 0.62080755321639725 0.68492759492398614
4260 0.64768274113748525 0.62095493133457502 0.68498125724865710
4261 0.64774498535332015 0.62110195106253263 0.68503450148673517
4262 0.64780676406179616 0.62124861240026874 0.68508732763821856
4263 0.64786807726290885 0.62139491534778424 0.68513973570310815
4264 0.64792892495666088 0.62154085990507912 0.68519172568140396
4265 0.64798930714305314 0.62168644607215340 0.68524329757310509
4266 0.64804922382208385 0.62183167384900662 0.68529445137821332
4267 0.64810867499375213 0.62197654323563922 0.68534518709672687
4268 0.64816766065806153 0.62212105423205077 0.68539550472864574
4269 0.64822618081500849 0.62226520683824216 0.68544540427397083
4270 0.64828423546459479 0.62240900105421204 0.68549488573270212
4271 0.64834182460682044 0.62255243687996131 0.68554394910483962
4272 0.64839894824168454 0.62269551431548997 0.68559259439038334
4273 0.64845560636918709 0.62283823336079802 0.68564082158933237
4274 0.64851179898932987 0.62298059401588501 0.68568863070168851
4275 0.64856752610211110 0.62312259628075095 0.68573602172744907
4276 0.64862278770753168 0.62326424015539628 0.68578299466661674
4277 0.64867758380559071 0.62340552563982143 0.68582954951918973
4278 0.64873191439628819 0.62354645273402509 0.68587568628516893
4279 0.64878577947962590 0.62368702143800814 0.68592140496455434
4280 0.64883917905560118 0.62382723175177057 0.68596670555734596
4281 0.64889211312421580 0.62396708367531240 0.68601158806354290
4282 0.64894458168547065 0.62410657720863316 0.68605605248314605
4283 0.64899658473936306 0.62424571235173287 0.68610009881615452
4284 0.64904812228589481 0.62438448910461197 0.68614372706257010
4285 0.64909919432506591 0.62452290746727090 0.68618693722239099
4286 0.64914980085687546 0.62466096743970834 0.68622972929561810
4287 0.64919994188132435 0.62479866902192516 0.68627210328225141
4288 0.64924961739841258 0.62493601221392137 0.68631405918229094
4289 0.64929882740813838 0.62507299701569652 0.68635559699573578
4290 0.64934757191050441 0.62520962342725150 0.68639671672258595
4291 0.64939585090550977 0.62534589144858499 0.68643741836284322
4292 0.64944366439315271 0.62548180107969786 0.68647770191650670
4293 0.64949101237343587 0.62561735232059013 0.68651756738357550
4294 0.64953789484635660 0.62575254517126178 0.68655701476405051
4295 0.64958431181191756 0.62588737963171237 0.68659604405793173
4296 0.64963026327011697 0.62602185570194235 0.68663465526521827
4297 0.64967574922095483 0.62615597338195128 0.68667284838591103
4298 0.64972076966443204 0.62628973267174004 0.68671062342000999
4299 0.64976532460054948 0.62642313357130730 0.68674798036751517
4300 0.64980941402930448 0.62655617608065395 0.68678491922842566
4301 0.64985303795069793 0.62668886019977998 0.68682144000274237
4302 0.64989619636473250 0.62682118592868541 0.68685754269046528
4303 0.64993888927140375 0.62695315326736978 0.68689322729159441
4304 0.64998111667071523 0.62708476221583309 0.68692849380612886
4305 0.65002287856266516 0.62721601277407579 0.68696334223406952
4306 0.65006417494725444 0.62734690494209833 0.68699777257541639
4307 0.65010500582448216 0.62747743871989980 0.68703178483016858
4308 0.65014537119435012 0.62760761410747978 0.68706537899832787
4309 0.65018527105685564 0.62773743110483959 0.68709855507989248
4310 0.65022470541200139 0.62786688971197879 0.68713131307486330
4311 0.65026367425978471 0.62799598992889694 0.68716365298323945
4312 0.65030217760020737 0.62812473175559447 0.68719557480502180
4313 0.65034021543326936 0.62825311519207094 0.68722707854021037
4314 0.65037778775896982 0.62838114023832681 0.68725816418880514
4315 0.65041489457730961 0.62850880689436206 0.68728883175080613
4316 0.65045153588828875 0.62863611516017626 0.68731908122621244
4317 0.65048771169190633 0.62876306503576940 0.68734891261502495
4318 0.65052342198816326 0.62888965652114237 0.68737832591724368
4319 0.65055866677705954 0.62901588961629429 0.68740732113286773
4320 0.65059344605859337 0.62914176432122559 0.68743589826189799
4321 0.65062775983276655 0.62926728063593584 0.68746405730433446
4322 0.65066160809957996 0.62939243856042548 0.68749179826017714
4323 0.65069499085903093 0.62951723809469451 0.68751912112942604
4324 0.65072790811112124 0.62964167923874248 0.68754602591208025
4325 0.65076035985585179 0.62976576199256940 0.68757251260814067
4326 0.65079234609321990 0.62988948635617614 0.68759858121760642
4327 0.65082386682322735 0.63001285232956183 0.68762423174047926
4328 0.65085492204587325 0.63013585991272691 0.68764946417675743
4329 0.65088551176115850 0.63025850910567094 0.68767427852644181
4330 0.65091563596908308 0.63038079990839435 0.68769867478953151
4331 0.65094529466964612 0.63050273232089671 0.68772265296602830
4332 0.65097448786284851 0.63062430634317845 0.68774621305593042
4333 0.65100321554869023 0.63074552197523959 0.68776935505923786
4334 0.65103147772716952 0.63086637921708011 0.68779207897595240
4335 0.65105927439828903 0.63098687806869957 0.68781438480607315
4336 0.65108660556204700 0.63110701853009799 0.68783627254959923
4337 0.65111347121844432 0.63122680060127578 0.68785774220653151
4338 0.65113987136748008 0.63134622428223341 0.68787879377686911
4339 0.65116580600915519 0.63146528957296955 0.68789942726061382
4340 0.65119127514346875 0.63158399647348507 0.68791964265776384
4341 0.65121627877042165 0.63170234498377953 0.68793943996831919
4342 0.65124081689001390 0.63182033510385383 0.68795881919228163
4343 0.65126488950224459 0.63193796683370707 0.68797778032964940
4344 0.65128849660711552 0.63205524017333925 0.68799632338042338
4345 0.65131163820462312 0.63217215512275082 0.68801444834460357
4346 0.65133431429477096 0.63228871168194223 0.68803215522218997
4347 0.65135652487755813 0.63240490985091213 0.68804944401318169
4348 0.65137826995298376 0.63252074962966143 0.68806631471757873
4349 0.65139954952104784 0.63263623101818967 0.68808276733538287
4350 0.65142036358175215 0.63275135401649818 0.68809880186659322
4351 0.65144071213509402 0.63286611862458475 0.68811441831120890
4352 0.65146059518107524 0.63298052484245115 0.68812961666923078
4353 0.65148001271969669 0.63309457267009606 0.68814439694065888
4354 0.65149896475095570 0.63320826210752079 0.68815875912549229
4355 0.65151745127485405 0.63332159315472492 0.68817270322373192
4356 0.65153547229139175 0.63343456581170798 0.68818622923537776
4357 0.65155302780056790 0.63354718007847000 0.68819933716042980
4358 0.65157011780238339 0.63365943595501140 0.68821202699888717
4359 0.65158674229683822 0.63377133344133263 0.68822429875075164
4360 0.65160290128393061 0.63388287253743236 0.68823615241602143
4361 0.65161859476366413 0.63399405324331148 0.68824758799469654
4362 0.65163382273603521 0.63410487555896999 0.68825860548677875
4363 0.65164858520104474 0.63421533948440789 0.68826920489226540
4364 0.65166288215869450 0.63432544501962473 0.68827938621115914
4365 0.65167671360898183 0.63443519216462052 0.68828914944345909
4366 0.65169007955190850 0.63454458091939570 0.68829849458916437
4367 0.65170297998747539 0.63465361128395070 0.68830742164827674
4368 0.65171541491567986 0.63476228325828421 0.68831593062079355
4369 0.65172738433652366 0.63487059684239711 0.68832402150671745
4370 0.65173888825000770 0.63497855203628895 0.68833169430604668
4371 0.65174992665612930 0.63508614883996106 0.68833894901878212
4372 0.65176049955488935 0.63519338725341123 0.68834578564492377
4373 0.65177060694628963 0.63530026727664124 0.68835220418447163
4374 0.65178024883032837 0.63540678890965019 0.68835820463742481
4375 0.65178942520700556 0.63551295215243853 0.68836378700378420
4376 0.65179813607632298 0.63561875700500581 0.68836895128354980
4377 0.65180638143827885 0.63572420346735248 0.68837369747672073
4378 0.65181416129287406 0.63582929153947854 0.68837802558329786
4379 0.65182147564010684 0.63593402122138398 0.68838193560328120
4380 0.65182832447997985 0.63603839251306837 0.68838542753667076
4381 0.65183470781249131 0.63614240541453171 0.68838850138346652
4382 0.65184062563764211 0.63624605992577443 0.68839115714366761
4383 0.65184607795543137 0.63634935604679654 0.68839339481727491
4384 0.65185106476585997 0.63645229377759804 0.68839521440428753
4385 0.65185558606892702 0.63655487311817804 0.68839661590470724
4386 0.65185964186463341 0.63665709406853788 0.68839759931853228
4387 0.65186323215297914 0.63675895662867710 0.68839816464576353
4388 0.65186635693396333 0.63686046079859526 0.68839831188640099
4389 0.65186901620758597 0.63696160657829237 0.68839804104044378
4390 0.65187120997384884 0.63706239396776887 0.68839735210789277
4391 0.65187293823275017 0.63716282296702476 0.68839624508874797
4392 0.65187420098428994 0.63726289357605959 0.68839471998300850
4393 0.65187499822846995 0.63736260579487380 0.68839277679067612
4394 0.65187532996528752 0.63746195962346741 0.68839041551174907
4395 0.65187519619474532 0.63756095506184041 0.68838763614622822
4396 0.65187459691684069 0.63765959210999190 0.68838443869411359
4397 0.65187353213157539 0.63775787076792323 0.68838082315540428
4398 0.65187200183895033 0.63785579103563306 0.68837678953010117
4399 0.65187000603896283 0.63795335291312316 0.68837233781820428
4400 0.65186754473161468 0.63805055640039177 0.68836746801971271
